65
2 3 9429605562755370
6 6 3465509398779757
10 13 8689503031950123
64922 110795 4504704366599950
13973 26419 3513626523439425
725831654114702 4541733210835335 2742887072719959
10 13 8839845532190096
9334 14595 5458585253152592
9706554173387903 5097740681849255 2095245244912381
49127 75508 3693288613316216
4 4 4198590241362000
7861 11257 5477539912208008
9 10 9259928947805118
52245 85277 3528041057867931
3 5 840843200459482
259149987802241 6689368820300403 3534721002568495
10 13 3337041873753082
4 7 6988873275022466
5 7 4495587747091262
1000000000000 1 1000000000000
5 9 2462869142646418
4 6 2271224666368145
6 9 2903294259185990
9 17 7379218941168776
9 15 5802491041437611
6761462000443010 904477908128201 3043816924959190
9545048558841825 6899255672076999 9272818149758853
63664 95087 9775891537969006
5 1 100
10 13 11234567890
1 1 3771679948420674
7 7 6977204123379581
1 3 100
8025714536856354 9903000027803061 904922510325972
7 12 6439637337963783
2 2 9825445613196928
37177 52260 3627623246300954
1 1 1000000000000
1 1000000000000 1000000000000
60280 106158 382504020903546
5 8 550103143310362
9 9 2395440648063235
6 9 497087563
6396320710057362 7814230344468181 3183274048075890
99838 101928 3638110057611840
26597 37816 4245730305851899
74036 112850 549053549625598
2 3 5
59617 76399 8216425361382011
80006 121046 2203488461171151
2 3 2
4 4 1760792368134037
1 1 6044898352400565
5089 7407 1785197717173513
314 512 1024
48878 70096 1422160026469748
2 2 1081292147434158
5 9 9152845331581750
74116 111994 1493371909130523
19749 37179 1140508669256069
2 3 1
1000000000000 1 1
8272 10247 5338458442301888
1 1000000000000 1
314 512 133769420
