500
4 4 2 3
1000000000 100 2 16
1000000000 2 3 1
1000000000 4 1 3
1000000000 1000000000 1 2
275678673 999999999 1 1
999999999 1000000000 1 3
999999999 999999999 3 2
501599341 999999999 2 3
2 999999999 1 2
1000000000 1000000000 711006329 2
100 1000000000 99 3
100 2 9 1
999999999 100 2 11
4 410312616 3 176330867
4 4 1 3
100 3 1 1
100 999999999 1 2
999999999 3 3 1
3 4 2 2
3 100 1 2
1000000000 100 999999999 3
999999999 1000000000 1 2
100 1000000000 99 1
874810763 1000000000 1 903855415
100 999999999 3 999999998
245635459 1000000000 2 2
999999999 100 999999998 1
4 100 2 99
3 100 2 1
70829133 100 3 26
100 1000000000 1 999999999
19089712 3 3 1
990898699 2 1 1
4 3 1 1
1000000000 999999999 3 2
135818523 100 127108945 1
999999999 999999999 3 361042743
2 999999999 1 354427649
999999999 4 2 2
4 4 3 2
4 100 2 1
1000000000 1000000000 301408972 2
3 637320062 1 460765579
903145896 4 200741956 3
3 131597407 2 130390896
2 4 1 2
1000000000 4 1 2
2 477765917 1 413635441
804494411 2 1 1
4 1000000000 1 999999999
900200350 242692999 164767257 3
100 100 2 3
1000000000 100 99694839 3
999999999 4 999999998 1
586838884 999999999 2 2
1000000000 999999999 999999999 1
475576299 79599546 62711377 1
4 999999999 3 1
100 3 3 1
100 3 99 1
4 999999999 3 2
100 1000000000 2 3
1000000000 4 2 1
422251405 1000000000 332267304 3
377173489 999999999 3 1
1000000000 4 1 1
2 501785784 1 334445275
3 4 2 1
4 3 2 1
452792670 1000000000 2 115192647
4 4 1 2
251333014 100 1 2
3 999999999 2 478452455
999999999 100 1 92
100 102245557 1 1
4 100 2 91
100 3 1 2
999999999 999999999 2 999999998
1000000000 999999999 2 3
4 1000000000 2 374349453
2 999999999 1 235322552
3 4 1 1
100 4 3 3
6565870 999999999 5153895 286487589
3 999999999 1 3
1000000000 4 3 1
999999999 999999999 3 1
2 4 1 1
999999999 999999999 1 3
3 999999999 1 999999998
4 100 3 3
1000000000 1000000000 1 4469475
351511977 1000000000 3 1
100 100 2 99
3 999999999 2 1
4 100 1 3
4 100 2 3
999999999 999999999 999999998 1
100 4 3 2
843094006 3 3 1
588175668 2 2 1
4 4 3 3
3 999999999 2 217585714
1000000000 100 3 32
3 999999999 2 3
100 3 2 2
1000000000 2 1 1
2 4 1 3
1000000000 3 3 1
1000000000 748176992 2 3
100 305987626 2 48247012
100 1000000000 14 1
1000000000 1000000000 2 999999999
100 100 3 2
3 100 2 99
999999999 4 3 3
704993648 595827515 1 3
1000000000 999999999 999999999 2
100 4 99 1
4 100 3 99
999999999 3 132294377 2
100 999999999 2 999999998
543383962 764857696 2 41522173
4 100 2 2
3 190048202 1 3
999999999 3 1 1
1000000000 634373833 687984129 3
999999999 4 999999998 3
100 4 3 1
100 999999999 43 2
999999999 999999999 3 3
1000000000 4 606716047 3
4 4 3 1
100 999999999 1 999999998
259765240 2 1 1
1000000000 100 2 2
4 999999999 2 2
100 4 1 3
100 999999999 3 607160337
999999999 100 3 3
999999999 100 2 3
999999999 489345280 108542079 3
3 387806766 2 3
999999999 4 1 3
3 100 1 3
671771882 1000000000 458242975 1
100 1000000000 1 3
4 1000000000 1 3
688697997 456509775 2 1
4 3 3 1
4 308024713 3 2
100 3 2 1
999999999 1000000000 3 1
999999999 1000000000 1 1
999999999 1000000000 38408940 1
1000000000 100 3 99
100 1000000000 2 1
999999999 2 1 1
3 999999999 2 2
404696558 1000000000 344580310 355699065
3 402700402 2 1
999999999 1000000000 2 724564983
1000000000 3 3 2
4 999999999 1 999999998
100 999999999 3 3
3 560442205 2 3
1000000000 1000000000 1 1
999999999 2 2 1
2 1000000000 1 999999999
100 100 2 1
999999999 999999999 999999998 999999998
999999999 1000000000 488516079 1
499812538 999999999 1 1
100 100 70 2
999999999 100 1 99
914040527 100 1 2
1000000000 1000000000 3 3
1000000000 1000000000 1 999999999
1000000000 935367125 2 688653704
1000000000 3 2 2
100 100 2 2
1000000000 999999999 3 3
100 4 2 2
100 351514573 1 3
2 2 1 1
999999999 1000000000 3 3
3 1000000000 2 999999999
4 345870621 1 11170728
999999999 4 2 3
2 100 1 3
2 736436882 1 1
820459816 1000000000 228363612 2
2 100 1 2
163592637 549432548 2 110629430
100 39439397 2 35075686
3 100 1 64
999999999 3 1 2
100 999999999 2 217038469
3 2 1 1
1000000000 999999999 2 999999998
2 100 1 1
100 100 99 1
4 100 1 1
4 999999999 1 1
4 1000000000 1 2
4 21218471 2 2
4 1000000000 1 1
1000000000 100 968047634 19
1000000000 84082569 375561153 2
100 616551719 3 3
1000000000 1000000000 3 2
1000000000 100 450060632 3
1000000000 1000000000 999999999 1
100 999999999 2 1
3 999999999 1 1
3 525092475 2 3
1000000000 1000000000 999999999 999999999
4 100 2 71
3 4 2 3
999999999 100 999999998 2
3 3 1 1
4 625855660 3 1
249097053 100 3 2
3 1000000000 2 1
999999999 1000000000 3 233117279
4 142306207 2 3
999999999 388726895 726514352 2
3 811153361 1 12686097
100 2 1 1
1000000000 100 872721048 64
999999999 3 999999998 2
2 100 1 99
999999999 3 2 1
1000000000 4 2 2
1000000000 999999999 2 2
4 999999999 3 999999998
697757447 999999999 3 614333645
3 1000000000 1 2
100 1000000000 3 2
100 100 3 99
100 3 98 2
100 100 99 99
1000000000 4 999999999 1
474573491 100 2 2
803061495 4 3 3
1000000000 3 2 1
2 3 1 2
100 1000000000 3 999999999
1000000000 100 3 1
1000000000 3 999999999 1
4 4 2 1
1000000000 999999999 3 1
4 1000000000 2 2
3 2 2 1
4 3 2 2
999999999 100 2 2
3 1000000000 2 3
427727826 1000000000 3 1
564769898 999999999 3 3
3 100 2 3
402854259 831040336 3 3
999999999 1000000000 2 2
999999999 1000000000 999999998 999999999
1000000000 999999999 1 1
999999999 999999999 1 1
999999999 1000000000 999999998 1
4 1000000000 3 2
999999999 1000000000 2 3
4 867643142 2 2
4 999999999 2 3
100 1000000000 2 2
1000000000 1000000000 245797795 1
100 1000000000 99 2
100 2 99 1
4 4 2 2
100 999999999 99 2
1000000000 999999999 1 2
999999999 1000000000 3 999999999
4 999999999 3 3
999999999 999999999 2 3
779009402 100 3 3
880984255 1000000000 1 3
1000000000 1000000000 3 999999999
4 100 1 99
1000000000 3 999999999 2
3 4 1 3
999999999 100 3 89
4 1000000000 2 3
3 1000000000 1 999999999
163708539 999999999 3 3
999999999 100 2 1
3 49194494 2 1
1000000000 3 1 1
1000000000 4 3 3
100 100 3 3
999999999 999999999 1 2
1000000000 1000000000 2 1
100 397986566 65 2
1000000000 2 999999999 1
1000000000 4 3 2
100 4 2 3
1000000000 999999999 1 999999998
3 1000000000 1 3
946260157 2 1 1
1000000000 1000000000 1 3
160776118 100 1 1
1000000000 1000000000 2 2
100 999999999 3 1
1000000000 100 3 3
3 4 1 2
713458743 999999999 1 232415301
999999999 3 2 2
999999999 100 999999998 99
100 999999999 3 2
4 100 3 2
1000000000 100 2 3
100 1000000000 1 2
999999999 2 3 1
3 999999999 2 999999998
4 2 2 1
100 1000000000 3 3
216458893 858261817 2 730048733
999999999 999999999 3 999999998
999999999 4 618409559 1
100 100 1 1
3 3 2 1
365482087 971250614 97597 28576180
2 590064564 1 410727603
998645846 2 2 1
4 100 3 1
1000000000 100 1 3
4 2 1 1
100 1000000000 3 1
1000000000 100 1 99
2 999999999 1 999999998
100 999999999 99 3
4 999999999 1 3
999999999 1000000000 999999998 3
1000000000 2 592728920 1
207868204 1000000000 2 225202610
100 999999999 99 999999998
1000000000 999999999 2 47219043
3 1000000000 1 1
804684832 197217720 1 153175513
100 4 1 1
100 999999999 1 913663288
100 100 2 80
999999999 3 618585901 2
2 475952396 1 3
999999999 4 1 1
100 100 1 2
3 999999999 1 2
3 1000000000 2 2
4 1000000000 3 999999999
1000000000 3 1 2
100 999999999 72 3
1000000000 743670139 3 3
66434218 3 2 2
57695794 1000000000 17394064 1
2 1000000000 1 2
699118378 100 371255050 53
515006471 3 3 2
1000000000 723284552 647366837 1
606735969 100 574575067 9
992439437 2 2 1
1000000000 100 1 1
999999999 1000000000 3 2
2 1000000000 1 1
2 1000000000 1 3
3 100 1 99
900930753 3 3 1
4 3 1 2
100 3 3 2
100 4 1 2
241065083 1000000000 1 1
1000000000 293794518 859896680 2
4 1000000000 1 809590669
4 911940777 2 39960172
999999999 100 3 99
999999999 100 999999998 3
100 1000000000 99 999999999
999999999 999999999 470395372 2
999999999 999999999 1 999999998
587962907 2 570433024 1
100 999999999 1 1
4 999999999 2 999999998
999999999 4 3 1
1000000000 100 2 1
1000000000 999999999 1 3
100 999999999 2 2
999999999 1000000000 999999998 2
999999999 999999999 2 1
400638252 4 3 2
204388631 3 2 2
1000000000 1000000000 999999999 2
2 1000000000 1 621800414
1000000000 100 2 99
1000000000 100 999999999 2
268284003 3 3 1
3 100 1 1
4 292678792 1 2
4 1000000000 2 1
999999999 100 1 3
826551905 100 1 49
999999999 100 1 1
4 4 1 1
1000000000 999999999 90055928 1
4 100 2 31
1000000000 1000000000 999999999 3
3 348674172 2 208198940
100 1000000000 2 999999999
1000000000 100 999999999 99
1000000000 4 999999999 3
38475058 4 38289611 2
3 999999999 1 419422452
100 4 99 2
4 1000000000 3 1
999999999 2 999999998 1
100 4 2 1
4 3 3 2
4 999999999 1 2
999999999 100 3 1
4 773392332 2 3
100 3 99 2
100 100 99 3
999999999 3 999999998 1
999999999 999999999 1 713021361
999999999 999999999 999999998 2
632902334 4 3 3
630783940 100 3 2
770491971 1000000000 3 1
999999999 3 976671636 2
201238540 100 49757290 14
100 999999999 2 3
1000000000 1000000000 2 3
999999999 1000000000 2 999999999
999999999 4 1 2
3 3 2 2
4 1000000000 2 999999999
2 999999999 1 1
1000000000 1000000000 3 1
977912389 734778827 532290378 1
809198703 3 2 1
2 999999999 1 3
1000000000 4 999999999 2
999999999 153855548 3 2
999999999 4 2 1
999999999 4 627313199 3
100 100 1 99
4 1000000000 3 3
100 100 3 48
100 100 99 2
999999999 100 2 99
1000000000 4 2 3
4 314723735 2 2
3 750409238 1 2
100 100 1 3
100 2 2 1
1000000000 999999999 999999999 999999998
1000000000 889034323 2 585497466
999999999 1000000000 2 1
999999999 999999999 2 2
1000000000 999999999 999999999 3
1000000000 999999999 3 999999998
999999999 4 999999998 2
999999999 4 3 2
1000000000 100 3 2
407111787 999999999 158724311 2
100 4 84 3
999999999 1000000000 1 999999999
100 4 99 3
4 100 1 2
100 999999999 99 1
999999999 734992451 64730372 1
1000000000 100 2 27
999999999 999999999 999999998 3
100 999999999 1 3
999999999 4 90975763 3
1000000000 999999999 2 1
3 3 1 2
569981406 4 2 2
632200338 3 1 2
2 3 1 1
1000000000 100 1 2
4 999999999 2 1
100 2 3 1
100 1000000000 1 1
3 100 2 2
100 999999999 5 3
4 2 3 1
1000000000 100 999999999 1
999999999 100 3 2
999999999 1000000000 3 218565021
100 999999999 1 4861357
999999999 100 1 2
1000000000 2 2 1
4 100 3 56
999999999 3 3 2
100 100 3 1
